gcc:

mm1.c: 2.135970e+001
mm2.c: 1.787364e+001 
mm3.c: 1.782372e+001
mm4.c: 1.838663e+001
mm5_4.c: 1.713877e+001
mm5_8.c: 1.687757e+001
mm6.c: 1.463664e+001
mm7.c: 7.891420e+000
mm8.c: 7.274267e+000
mm9.c: 1.854385e+001

gcc -O2:

mm1.c: 7.138897e+000
mm2.c: 7.151403e+000
mm3.c: 7.269463e+000
mm4.c: 7.131707e+000
mm5_4.c: 6.639896e+000
mm5_8.c: 6.945755e+000
mm6.c: 6.582910e+000
mm7.c: 3.068329e+000
mm8.c: 4.871501e+000
mm9.c: 1.370150e+001

