version = 'MMult_1x4_8';
MY_MMult = [
40 7.529412e+00 3.552714e-15 
80 7.160839e+00 7.105427e-15 
120 6.884462e+00 8.881784e-15 
160 6.764657e+00 1.421085e-14 
200 6.587073e+00 1.776357e-14 
240 6.500823e+00 2.131628e-14 
280 6.485081e+00 2.131628e-14 
320 6.686665e+00 3.019807e-14 
360 6.656584e+00 2.486900e-14 
400 6.644518e+00 3.197442e-14 
440 6.629105e+00 2.842171e-14 
480 6.483672e+00 3.197442e-14 
520 6.481125e+00 3.552714e-14 
560 6.348408e+00 3.552714e-14 
600 6.460779e+00 4.618528e-14 
640 6.440805e+00 5.329071e-14 
680 6.201570e+00 4.796163e-14 
720 5.972064e+00 5.329071e-14 
760 5.821731e+00 4.973799e-14 
800 5.604571e+00 5.329071e-14 
];
