version = 'MMult_4x4_11';
MY_MMult = [
40 2.560000e+01 3.552714e-15 
80 2.560000e+01 7.105427e-15 
120 2.486331e+01 8.881784e-15 
160 2.262983e+01 1.421085e-14 
200 2.366864e+01 2.131628e-14 
240 2.236893e+01 2.842171e-14 
280 1.957379e+01 3.019807e-14 
320 2.208086e+01 3.552714e-14 
360 2.084253e+01 4.973799e-14 
400 2.293496e+01 4.973799e-14 
440 2.326161e+01 4.973799e-14 
480 2.175081e+01 6.039613e-14 
520 2.257856e+01 6.750156e-14 
560 2.244581e+01 7.460699e-14 
600 2.261662e+01 7.815970e-14 
640 2.270628e+01 8.526513e-14 
680 2.297556e+01 9.237056e-14 
720 2.300875e+01 1.172396e-13 
760 2.309245e+01 9.947598e-14 
800 2.282250e+01 9.592327e-14 
];
