version = 'MMult_1x4_9';
MY_MMult = [
40 7.529412e+00 3.552714e-15 
80 7.160839e+00 7.105427e-15 
120 6.857143e+00 8.881784e-15 
160 6.843776e+00 1.421085e-14 
200 6.694561e+00 1.776357e-14 
240 6.550107e+00 2.131628e-14 
280 6.633026e+00 2.131628e-14 
320 6.683255e+00 3.019807e-14 
360 6.633869e+00 2.486900e-14 
400 6.680585e+00 3.197442e-14 
440 6.657601e+00 2.842171e-14 
480 6.550495e+00 3.197442e-14 
520 6.442668e+00 3.552714e-14 
560 6.474800e+00 3.552714e-14 
600 6.439304e+00 4.618528e-14 
640 5.468682e+00 5.329071e-14 
680 5.730334e+00 4.796163e-14 
720 5.976462e+00 5.329071e-14 
760 5.748882e+00 4.973799e-14 
800 5.338672e+00 5.329071e-14 
];
