version = 'MMult_4x4_6';
MY_MMult = [
40 9.846154e+00 3.552714e-15 
80 1.013861e+01 7.105427e-15 
120 1.022485e+01 8.881784e-15 
160 1.007626e+01 1.421085e-14 
200 8.948546e+00 1.776357e-14 
240 9.759266e+00 2.131628e-14 
280 9.852783e+00 2.131628e-14 
320 8.762669e+00 3.019807e-14 
360 9.710896e+00 2.486900e-14 
400 9.767264e+00 3.197442e-14 
440 9.618246e+00 2.842171e-14 
480 8.593341e+00 3.197442e-14 
520 9.384816e+00 3.552714e-14 
560 5.123959e+00 3.552714e-14 
600 7.187661e+00 4.618528e-14 
640 5.728233e+00 5.329071e-14 
680 4.377020e+00 4.796163e-14 
720 4.471776e+00 5.329071e-14 
760 4.180644e+00 4.973799e-14 
800 4.276913e+00 5.329071e-14 
];
