version = 'MMult_4x4_5';
MY_MMult = [
40 4.740741e+00 2.664535e-15 
80 4.179592e+00 5.329071e-15 
120 4.553360e+00 6.217249e-15 
160 4.528469e+00 7.105427e-15 
200 4.546746e+00 8.881784e-15 
240 4.040924e+00 1.065814e-14 
280 4.216673e+00 1.598721e-14 
320 3.808461e+00 1.243450e-14 
360 3.988545e+00 1.421085e-14 
400 4.002502e+00 1.776357e-14 
440 3.970727e+00 1.776357e-14 
480 3.798259e+00 2.131628e-14 
520 3.614044e+00 2.131628e-14 
560 3.376517e+00 2.486900e-14 
600 3.663936e+00 2.131628e-14 
640 2.943421e+00 2.664535e-14 
680 2.743124e+00 2.842171e-14 
720 2.630832e+00 3.197442e-14 
760 2.741441e+00 2.842171e-14 
800 2.669593e+00 2.842171e-14 
];
