version = 'MMult1';
MY_MMult = [
40 4.129032e+00 0.000000e+00 
80 3.084337e+00 0.000000e+00 
120 2.969072e+00 0.000000e+00 
160 2.901877e+00 0.000000e+00 
200 2.816406e+00 0.000000e+00 
240 2.791036e+00 0.000000e+00 
280 2.764387e+00 0.000000e+00 
320 2.757205e+00 0.000000e+00 
360 2.744067e+00 0.000000e+00 
400 2.735160e+00 0.000000e+00 
440 2.719752e+00 0.000000e+00 
480 2.697366e+00 0.000000e+00 
520 2.683282e+00 0.000000e+00 
560 2.665392e+00 0.000000e+00 
600 2.632172e+00 0.000000e+00 
640 2.635765e+00 0.000000e+00 
680 2.590636e+00 0.000000e+00 
720 2.474373e+00 0.000000e+00 
760 2.313785e+00 0.000000e+00 
800 2.180616e+00 0.000000e+00 
];
