version = 'MMult_4x4_9';
MY_MMult = [
40 9.846154e+00 3.552714e-15 
80 1.013861e+01 7.105427e-15 
120 9.988439e+00 8.881784e-15 
160 1.010111e+01 1.421085e-14 
200 9.803922e+00 1.776357e-14 
240 9.640167e+00 2.131628e-14 
280 9.476365e+00 2.131628e-14 
320 9.330296e+00 3.019807e-14 
360 9.216000e+00 2.486900e-14 
400 9.313832e+00 3.197442e-14 
440 8.513717e+00 2.842171e-14 
480 8.220009e+00 3.197442e-14 
520 8.073727e+00 3.552714e-14 
560 7.894628e+00 3.552714e-14 
600 6.427041e+00 4.618528e-14 
640 8.025471e+00 5.329071e-14 
680 6.418355e+00 4.796163e-14 
720 4.789529e+00 5.329071e-14 
760 4.050267e+00 4.973799e-14 
800 3.989792e+00 5.329071e-14 
];
