version = 'MMult_4x4_3';
MY_MMult = [
40 3.764706e+00 0.000000e+00 
80 3.240506e+00 0.000000e+00 
120 2.916456e+00 0.000000e+00 
160 2.810292e+00 0.000000e+00 
200 2.756245e+00 0.000000e+00 
240 2.748583e+00 0.000000e+00 
280 2.721379e+00 0.000000e+00 
320 2.713931e+00 0.000000e+00 
360 2.627841e+00 0.000000e+00 
400 2.684789e+00 0.000000e+00 
440 2.649456e+00 0.000000e+00 
480 2.676833e+00 0.000000e+00 
520 2.536608e+00 0.000000e+00 
560 2.404381e+00 0.000000e+00 
600 2.397296e+00 0.000000e+00 
640 2.400278e+00 0.000000e+00 
680 2.312298e+00 0.000000e+00 
720 2.301996e+00 0.000000e+00 
760 2.246913e+00 0.000000e+00 
800 2.195653e+00 0.000000e+00 
];
