version = 'MMult_4x4_10';
MY_MMult = [
40 2.560000e+01 3.552714e-15 
80 2.497561e+01 7.105427e-15 
120 2.504348e+01 8.881784e-15 
160 2.347278e+01 1.421085e-14 
200 2.279202e+01 1.776357e-14 
240 2.072564e+01 2.131628e-14 
280 2.132297e+01 2.131628e-14 
320 2.253645e+01 3.019807e-14 
360 2.200755e+01 2.486900e-14 
400 2.297200e+01 3.197442e-14 
440 2.203699e+01 2.842171e-14 
480 2.136631e+01 3.197442e-14 
520 2.040903e+01 3.552714e-14 
560 2.074858e+01 3.552714e-14 
600 1.981742e+01 4.618528e-14 
640 1.927175e+01 5.329071e-14 
680 1.904437e+01 4.796163e-14 
720 1.778091e+01 5.329071e-14 
760 1.407380e+01 4.973799e-14 
800 1.090290e+01 5.329071e-14 
];
