version = 'MMult_1x4_4';
MY_MMult = [
40 1.706667e+00 0.000000e+00 
80 3.200000e+00 0.000000e+00 
120 3.034241e+00 0.000000e+00 
160 2.905995e+00 0.000000e+00 
200 2.563692e+00 0.000000e+00 
240 2.766460e+00 0.000000e+00 
280 2.782080e+00 0.000000e+00 
320 2.767918e+00 0.000000e+00 
360 2.756958e+00 0.000000e+00 
400 2.724100e+00 0.000000e+00 
440 2.706316e+00 0.000000e+00 
480 2.710754e+00 0.000000e+00 
520 2.377907e+00 0.000000e+00 
560 2.504864e+00 0.000000e+00 
600 2.470972e+00 0.000000e+00 
640 2.374396e+00 0.000000e+00 
680 2.354176e+00 0.000000e+00 
720 2.302614e+00 0.000000e+00 
760 2.296776e+00 0.000000e+00 
800 2.281670e+00 0.000000e+00 
];
