version = 'MMult_1x4_5';
MY_MMult = [
40 2.782609e+00 2.664535e-15 
80 2.701847e+00 5.329071e-15 
120 2.642202e+00 6.217249e-15 
160 2.502138e+00 7.105427e-15 
200 2.538071e+00 8.881784e-15 
240 2.548203e+00 1.065814e-14 
280 2.565535e+00 1.598721e-14 
320 2.566215e+00 1.243450e-14 
360 2.545683e+00 1.421085e-14 
400 2.489062e+00 1.776357e-14 
440 2.513507e+00 1.776357e-14 
480 2.491119e+00 2.131628e-14 
520 2.527784e+00 2.131628e-14 
560 2.410453e+00 2.486900e-14 
600 2.423943e+00 2.131628e-14 
640 2.297554e+00 2.664535e-14 
680 2.210986e+00 2.842171e-14 
720 2.145307e+00 3.197442e-14 
760 2.105719e+00 2.842171e-14 
800 2.078365e+00 2.842171e-14 
];
