version = 'MMult_1x4_6';
MY_MMult = [
40 6.736842e+00 3.552714e-15 
80 7.062069e+00 7.105427e-15 
120 6.981818e+00 8.881784e-15 
160 6.595813e+00 1.421085e-14 
200 6.633499e+00 1.776357e-14 
240 6.587563e+00 2.131628e-14 
280 6.649099e+00 2.131628e-14 
320 6.629173e+00 3.019807e-14 
360 6.635756e+00 2.486900e-14 
400 6.685819e+00 3.197442e-14 
440 6.539787e+00 2.842171e-14 
480 6.591882e+00 3.197442e-14 
520 6.579691e+00 3.552714e-14 
560 6.443914e+00 3.552714e-14 
600 6.554989e+00 4.618528e-14 
640 6.481574e+00 5.329071e-14 
680 6.277341e+00 4.796163e-14 
720 6.187029e+00 5.329071e-14 
760 5.818066e+00 4.973799e-14 
800 5.628167e+00 5.329071e-14 
];
