version = 'MMult_4x4_7';
MY_MMult = [
40 9.846154e+00 3.552714e-15 
80 1.013861e+01 7.105427e-15 
120 1.016471e+01 8.881784e-15 
160 9.822542e+00 1.421085e-14 
200 9.621167e+00 1.776357e-14 
240 9.616696e+00 2.131628e-14 
280 9.258541e+00 2.131628e-14 
320 9.448674e+00 3.019807e-14 
360 9.078809e+00 2.486900e-14 
400 9.041464e+00 3.197442e-14 
440 8.746240e+00 2.842171e-14 
480 8.272890e+00 3.197442e-14 
520 6.493546e+00 3.552714e-14 
560 6.437183e+00 3.552714e-14 
600 7.368870e+00 4.618528e-14 
640 3.737573e+00 5.329071e-14 
680 5.155299e+00 4.796163e-14 
720 4.486882e+00 5.329071e-14 
760 4.651278e+00 4.973799e-14 
800 4.271187e+00 5.329071e-14 
];
