version = 'MMult_4x4_13';
MY_MMult = [
40 2.133333e+01 3.552714e-15 
80 2.178723e+01 7.105427e-15 
120 2.021053e+01 8.881784e-15 
160 1.914019e+01 1.421085e-14 
200 2.203857e+01 2.131628e-14 
240 2.088218e+01 2.842171e-14 
280 2.222987e+01 3.019807e-14 
320 2.192573e+01 3.552714e-14 
360 2.283142e+01 4.973799e-14 
400 2.180208e+01 4.973799e-14 
440 2.214297e+01 4.973799e-14 
480 2.269019e+01 6.039613e-14 
520 2.140641e+01 6.750156e-14 
560 2.201529e+01 7.460699e-14 
600 2.242525e+01 7.815970e-14 
640 2.259375e+01 8.526513e-14 
680 2.209409e+01 9.237056e-14 
720 2.267193e+01 1.172396e-13 
760 2.242935e+01 9.947598e-14 
800 2.153296e+01 9.592327e-14 
];
