version = 'MMult_4x4_12';
MY_MMult = [
40 1.280000e+01 3.552714e-15 
80 1.312821e+01 7.105427e-15 
120 1.280000e+01 8.881784e-15 
160 1.286028e+01 1.421085e-14 
200 1.140413e+01 2.131628e-14 
240 1.166090e+01 2.842171e-14 
280 1.129509e+01 3.019807e-14 
320 1.175534e+01 3.552714e-14 
360 1.181763e+01 4.973799e-14 
400 1.169057e+01 4.973799e-14 
440 1.203419e+01 4.973799e-14 
480 1.182486e+01 6.039613e-14 
520 1.188873e+01 6.750156e-14 
560 1.179858e+01 7.460699e-14 
600 1.189755e+01 7.815970e-14 
640 1.210212e+01 8.526513e-14 
680 1.173013e+01 9.237056e-14 
720 1.192905e+01 1.172396e-13 
760 1.197572e+01 9.947598e-14 
800 1.207476e+01 9.592327e-14 
];
