version = 'MMult_4x4_4';
MY_MMult = [
40 3.878788e+00 0.000000e+00 
80 3.261146e+00 0.000000e+00 
120 2.821224e+00 0.000000e+00 
160 2.786395e+00 0.000000e+00 
200 2.797203e+00 0.000000e+00 
240 2.712450e+00 0.000000e+00 
280 2.679197e+00 0.000000e+00 
320 2.624905e+00 0.000000e+00 
360 2.668421e+00 0.000000e+00 
400 2.559130e+00 0.000000e+00 
440 2.357904e+00 0.000000e+00 
480 2.382627e+00 0.000000e+00 
520 2.285621e+00 0.000000e+00 
560 2.386622e+00 0.000000e+00 
600 2.301042e+00 0.000000e+00 
640 2.358322e+00 0.000000e+00 
680 2.052609e+00 0.000000e+00 
720 2.263501e+00 0.000000e+00 
760 2.225881e+00 0.000000e+00 
800 2.253382e+00 0.000000e+00 
];
