version = 'MMult_4x4_14';
MY_MMult = [
40 1.828571e+01 3.552714e-15 
80 2.327273e+01 7.105427e-15 
120 2.383448e+01 8.881784e-15 
160 1.941232e+01 1.421085e-14 
200 2.285714e+01 2.131628e-14 
240 2.271816e+01 2.842171e-14 
280 2.212903e+01 3.019807e-14 
320 2.143801e+01 3.552714e-14 
360 2.248482e+01 4.973799e-14 
400 2.254315e+01 4.973799e-14 
440 2.264930e+01 4.973799e-14 
480 2.228779e+01 6.039613e-14 
520 2.192546e+01 6.750156e-14 
560 2.141528e+01 7.460699e-14 
600 2.120558e+01 7.815970e-14 
640 2.177276e+01 8.526513e-14 
680 2.192080e+01 9.237056e-14 
720 2.209156e+01 1.172396e-13 
760 2.215875e+01 9.947598e-14 
800 2.165592e+01 9.592327e-14 
];
