version = 'MMult_1x4_3';
MY_MMult = [
40 3.878788e+00 0.000000e+00 
80 3.170279e+00 0.000000e+00 
120 2.994801e+00 0.000000e+00 
160 2.865338e+00 0.000000e+00 
200 2.808496e+00 0.000000e+00 
240 2.765353e+00 0.000000e+00 
280 2.784727e+00 0.000000e+00 
320 2.770610e+00 0.000000e+00 
360 2.765046e+00 0.000000e+00 
400 2.740606e+00 0.000000e+00 
440 2.722664e+00 0.000000e+00 
480 2.712416e+00 0.000000e+00 
520 2.641816e+00 0.000000e+00 
560 2.638283e+00 0.000000e+00 
600 2.501390e+00 0.000000e+00 
640 2.425429e+00 0.000000e+00 
680 2.380167e+00 0.000000e+00 
720 2.316095e+00 0.000000e+00 
760 2.265507e+00 0.000000e+00 
800 2.209501e+00 0.000000e+00 
];
