version = 'MMult_4x4_8';
MY_MMult = [
40 1.066667e+01 3.552714e-15 
80 1.024000e+01 7.105427e-15 
120 1.025519e+01 8.881784e-15 
160 9.881785e+00 1.421085e-14 
200 9.484292e+00 1.776357e-14 
240 9.088757e+00 2.131628e-14 
280 8.436587e+00 2.131628e-14 
320 9.435071e+00 3.019807e-14 
360 8.680186e+00 2.486900e-14 
400 7.788257e+00 3.197442e-14 
440 8.118561e+00 2.842171e-14 
480 7.615742e+00 3.197442e-14 
520 7.850371e+00 3.552714e-14 
560 7.605717e+00 3.552714e-14 
600 6.007844e+00 4.618528e-14 
640 7.464343e+00 5.329071e-14 
680 5.263650e+00 4.796163e-14 
720 4.327312e+00 5.329071e-14 
760 4.614534e+00 4.973799e-14 
800 4.632583e+00 5.329071e-14 
];
