version = 'MMult2';
MY_MMult = [
40 4.129032e+00 0.000000e+00 
80 3.357377e+00 0.000000e+00 
120 2.974182e+00 0.000000e+00 
160 2.793997e+00 0.000000e+00 
200 2.665778e+00 0.000000e+00 
240 2.712450e+00 0.000000e+00 
280 2.759696e+00 0.000000e+00 
320 2.743929e+00 0.000000e+00 
360 2.739556e+00 0.000000e+00 
400 2.722825e+00 0.000000e+00 
440 2.706918e+00 0.000000e+00 
480 2.696544e+00 0.000000e+00 
520 2.645643e+00 0.000000e+00 
560 2.558527e+00 0.000000e+00 
600 2.355327e+00 0.000000e+00 
640 2.452087e+00 0.000000e+00 
680 2.336412e+00 0.000000e+00 
720 2.243306e+00 0.000000e+00 
760 2.281106e+00 0.000000e+00 
800 2.276603e+00 0.000000e+00 
];
