version = 'MMult_4x4_15';
MY_MMult = [
40 2.133333e+01 3.552714e-15 
80 2.327273e+01 7.105427e-15 
120 2.383448e+01 8.881784e-15 
160 1.651613e+01 1.421085e-14 
200 2.156334e+01 2.131628e-14 
240 2.288742e+01 2.842171e-14 
280 2.152157e+01 3.019807e-14 
320 2.285077e+01 3.552714e-14 
360 2.320617e+01 4.973799e-14 
400 2.302572e+01 4.973799e-14 
440 2.267945e+01 4.973799e-14 
480 2.313882e+01 6.039613e-14 
520 2.255321e+01 6.750156e-14 
560 2.254667e+01 7.460699e-14 
600 2.279323e+01 7.815970e-14 
640 2.300720e+01 8.526513e-14 
680 2.303447e+01 9.237056e-14 
720 2.297264e+01 1.172396e-13 
760 2.300713e+01 9.947598e-14 
800 2.320575e+01 9.592327e-14 
];
