version = 'MMult_1x4_7';
MY_MMult = [
40 7.529412e+00 3.552714e-15 
80 7.262411e+00 7.105427e-15 
120 6.953722e+00 8.881784e-15 
160 6.633198e+00 1.421085e-14 
200 6.573541e+00 1.776357e-14 
240 6.462833e+00 2.131628e-14 
280 6.644068e+00 2.131628e-14 
320 6.617124e+00 3.019807e-14 
360 6.654211e+00 2.486900e-14 
400 6.621831e+00 3.197442e-14 
440 6.546824e+00 2.842171e-14 
480 6.537716e+00 3.197442e-14 
520 6.483665e+00 3.552714e-14 
560 6.354725e+00 3.552714e-14 
600 6.075778e+00 4.618528e-14 
640 5.831124e+00 5.329071e-14 
680 5.841367e+00 4.796163e-14 
720 5.627052e+00 5.329071e-14 
760 5.521433e+00 4.973799e-14 
800 5.475584e+00 5.329071e-14 
];
