version = 'MMult0';
MY_MMult = [
40 3.764706e+00 0.000000e+00 
80 3.390728e+00 0.000000e+00 
120 2.901763e+00 0.000000e+00 
160 2.842471e+00 0.000000e+00 
200 2.730841e+00 0.000000e+00 
240 2.682449e+00 0.000000e+00 
280 2.666343e+00 0.000000e+00 
320 2.644927e+00 0.000000e+00 
360 2.616053e+00 0.000000e+00 
400 2.615073e+00 0.000000e+00 
440 2.506333e+00 0.000000e+00 
480 2.573373e+00 0.000000e+00 
520 2.508394e+00 0.000000e+00 
560 2.338413e+00 0.000000e+00 
600 2.097810e+00 0.000000e+00 
640 2.053808e+00 0.000000e+00 
680 2.001490e+00 0.000000e+00 
720 1.962408e+00 0.000000e+00 
760 1.957538e+00 0.000000e+00 
800 1.983066e+00 0.000000e+00 
];
